 
# Current Parameters Values:

 Cycle          : 18

 Lambda         :     0.001   

 Chi2           :     1.609201

 Chi2 - Chi2 (0):    -5.99e-08 #

E0          =    -9.408915
S02         =     0.811934
N1          =     3.69652 
x1          =     1.945778
